1.7260267100650002, -3.159725777085, -0.7008476485780953, 2.140006823372218, 0
10.319087377775, 6.136603069185, 2.4324979762965637, 22.967571837491228, 
1.0928291511800001, 13.63874641755, 2.60683482092160, 34.85899713823753, 0
 -6.415877322909999, 4.201610172805,  -0.8538467891360, 53.819431558238655,
0.100104081831, -1.7683218777, -2.919089241404175, 62.65674463152118, 0


 3.08886287112, -3.19383211417, -0.41818602762788043
9.649708495875, 6.474606932425, 2.4794652791328957
1.517609808175, 13.06749395045,  2.609115220063848
-6.058125254129999,  3.915229980045, -0.7112521874882489
-0.3722582191175, -1.0481456688235498, -2.2005062459456077


59.70247383091147
52.15501188853487
33.41464042293002
22.945772848118754
4.072263439787547
